3.0979802926e+01 1.6498120450e+01 1.8219242407e+01 1.8547003906e+01 1.8205850403e+01 2.1966737683e+01 2.2790649187e+01 1.9446449715e+01 2.5959467648e+01 2.1117548136e+01 2.1513691717e+01 1.4362456919e+01 2.1268648999e+01 1.5253387544e+01 1.7784720195e+01
1.6498120450e+01 4.0520457389e+01 1.8231403161e+01 1.8559383430e+01 1.8218002219e+01 2.1981399769e+01 2.2805861208e+01 1.9459429590e+01 2.5976794752e+01 2.1131643416e+01 2.1528051410e+01 1.4372043394e+01 2.1282845133e+01 1.5263568686e+01 1.7796590920e+01
1.8219242407e+01 1.8231403161e+01 2.1469204463e+02 2.0495541093e+01 2.0118546207e+01 2.4274550065e+01 2.5185021222e+01 2.1489482144e+01 2.8686753864e+01 2.3336145171e+01 2.3773907360e+01 1.5871368092e+01 2.3503120599e+01 1.6855899357e+01 1.9653172310e+01
1.8547003906e+01 1.8559383430e+01 2.0495541093e+01 2.0419588873e+02 2.0480638310e+01 2.4711605183e+01 2.5638427861e+01 2.1876407565e+01 2.9203985039e+01 2.3756081843e+01 2.4201515784e+01 1.6155202961e+01 2.3926329070e+01 1.7159242048e+01 2.0006770790e+01
1.8205850403e+01 1.8218002219e+01 2.0118546207e+01 2.0480638310e+01 1.2373689379e+02 2.4258335672e+01 2.5168012016e+01 2.1475193813e+01 2.8670925336e+01 2.3319548451e+01 2.3756066945e+01 1.5852052437e+01 2.3487614821e+01 1.6843996574e+01 1.9638911079e+01
2.1966737683e+01 2.1981399769e+01 2.4274550065e+01 2.4711605183e+01 2.4258335672e+01 1.5560875982e+02 3.0368626771e+01 2.5912966373e+01 3.4598938433e+01 2.8137362178e+01 2.8663126318e+01 1.9118998147e+01 2.8341369314e+01 2.0324048443e+01 2.3696020044e+01
2.2790649187e+01 2.2805861208e+01 2.5185021222e+01 2.5638427861e+01 2.5168012016e+01 3.0368626771e+01 1.9791728853e+02 2.6884507513e+01 3.5895314837e+01 2.9192575537e+01 2.9738293546e+01 1.9838039669e+01 2.9403926477e+01 2.1086223634e+01 2.4584745259e+01
1.9446449715e+01 1.9459429590e+01 2.1489482144e+01 2.1876407565e+01 2.1475193813e+01 2.5912966373e+01 2.6884507513e+01 1.0473399039e+02 3.0629802594e+01 2.4909155793e+01 2.5374515557e+01 1.6924753369e+01 2.5089865255e+01 1.7992273049e+01 2.0977344550e+01
2.5959467648e+01 2.5976794752e+01 2.8686753864e+01 2.9203985039e+01 2.8670925336e+01 3.4598938433e+01 3.5895314837e+01 3.0629802594e+01 1.9709955561e+02 3.3254201573e+01 3.3871353059e+01 2.2559458909e+01 3.3500788283e+01 2.4020405911e+01 2.8003905923e+01
2.1117548136e+01 2.1131643416e+01 2.3336145171e+01 2.3756081843e+01 2.3319548451e+01 2.8137362178e+01 2.9192575537e+01 2.4909155793e+01 3.3254201573e+01 9.0440271240e+01 2.7555569292e+01 1.8390389486e+01 2.7243321281e+01 1.9537693760e+01 2.2779726479e+01
2.1513691717e+01 2.1528051410e+01 2.3773907360e+01 2.4201515784e+01 2.3756066945e+01 2.8663126318e+01 2.9738293546e+01 2.5374515557e+01 3.3871353059e+01 2.7555569292e+01 1.7679463026e+02 1.8745069005e+01 2.7752134699e+01 1.9903583558e+01 2.3206816642e+01
1.4362456919e+01 1.4372043394e+01 1.5871368092e+01 1.6155202961e+01 1.5852052437e+01 1.9118998147e+01 1.9838039669e+01 1.6924753369e+01 2.2559458909e+01 1.8390389486e+01 1.8745069005e+01 2.9150952779e+02 1.8509398518e+01 1.3282651675e+01 1.5490920490e+01
2.1268648999e+01 2.1282845133e+01 2.3503120599e+01 2.3926329070e+01 2.3487614821e+01 2.8341369314e+01 2.9403926477e+01 2.5089865255e+01 3.3500788283e+01 2.7243321281e+01 2.7752134699e+01 1.8509398518e+01 4.1449170111e+02 1.9678291367e+01 2.2943024447e+01
1.5253387544e+01 1.5263568686e+01 1.6855899357e+01 1.7159242048e+01 1.6843996574e+01 2.0324048443e+01 2.1086223634e+01 1.7992273049e+01 2.4020405911e+01 1.9537693760e+01 1.9903583558e+01 1.3282651675e+01 1.9678291367e+01 1.0788292015e+03 1.6454014720e+01
1.7784720195e+01 1.7796590920e+01 1.9653172310e+01 2.0006770790e+01 1.9638911079e+01 2.3696020044e+01 2.4584745259e+01 2.0977344550e+01 2.8003905923e+01 2.2779726479e+01 2.3206816642e+01 1.5490920490e+01 2.2943024447e+01 1.6454014720e+01 2.4773608978e+03
